5.553604125976562278e-01 6.225906372070312556e-02 1.869038772583007935e-02 -9.998063034902857638e-01 9.891676825605284946e-05 -5.210938962358987667e-03 1.897872049676461656e-02
5.500593261718750293e-01 1.192150268554687531e-01 2.013469505310058749e-02 -9.608102054455964769e-01 2.073230181132911746e-03 -7.188516846767564750e-03 2.771060736500564059e-01
5.582772827148437811e-01 1.191127395629882763e-01 2.025674247741699255e-02 -9.608196181859538498e-01 1.590038998879494524e-03 -5.513018830205036400e-03 2.771150297410043262e-01
5.647752685546875151e-01 1.190785980224609436e-01 2.031717872619628884e-02 -9.604235581553527412e-01 2.473168655166283272e-02 -9.057624157571217416e-02 2.622420200550252267e-01
5.715683593749999458e-01 1.165032043457031319e-01 1.993076515197754126e-02 -9.603247528362194307e-01 3.398436940781106308e-02 -1.350771102135298607e-01 2.416104427014061917e-01
5.775981445312500240e-01 1.127082748413085894e-01 1.953276443481445288e-02 -9.605376045579043787e-01 3.865711358513671675e-02 -1.736752616047434472e-01 2.137990675984179079e-01
5.824436645507812260e-01 1.081947402954101523e-01 1.906321525573730427e-02 -9.615478742913223797e-01 3.614568345106521086e-02 -2.234327776882444050e-01 1.555537491293935981e-01
5.858026733398437047e-01 1.024277496337890614e-01 1.846576118469238359e-02 -9.633402748556072481e-01 1.934448797826480299e-02 -2.576214252232684743e-01 7.233606909359802106e-02
5.873316040039062713e-01 9.465753173828124478e-02 1.854536437988281439e-02 -9.636725720563201758e-01 1.499474713467307055e-02 -2.608478213913356658e-01 5.539625890001480257e-02
5.882472534179687962e-01 8.779735565185546597e-02 1.850702476501464924e-02 9.651587397291301329e-01 6.706720031252008142e-03 2.603952397999976798e-01 2.485852208803760940e-02
5.869912719726562145e-01 7.977114105224610008e-02 1.827849006652832245e-02 9.653420830493497640e-01 8.903083206288076035e-03 2.587118201417853425e-01 3.322035403617384225e-02
5.853560791015625098e-01 7.108152008056640991e-02 1.830011558532715008e-02 9.650038015445027151e-01 3.237380151852859485e-03 2.619445332047876107e-01 1.192660465247446198e-02
5.845037841796875133e-01 6.327661895751952870e-02 1.837492179870605508e-02 9.654818073100341902e-01 1.104024855326758182e-02 2.569076862728079114e-01 4.149016026944875313e-02
5.826657714843750391e-01 5.491949081420898632e-02 1.841922950744628862e-02 9.654036610519847184e-01 1.001444497693788731e-02 2.578559607411979315e-01 3.749380788159933919e-02
5.810101928710937891e-01 4.682234573364257857e-02 1.841267967224121185e-02 9.654961536217433471e-01 1.217973385360614745e-02 2.560459191308540605e-01 4.592731998832964846e-02
5.790664672851562056e-01 3.861909484863280950e-02 1.803226470947265694e-02 9.654125503837489575e-01 1.068284868727051654e-02 2.574085984053535170e-01 4.006616742916471741e-02
5.772189941406250524e-01 2.999383163452148601e-02 1.785210418701171919e-02 9.651392648766206062e-01 6.450136695402139929e-03 2.605643675405413529e-01 2.389153612107796851e-02
5.758944702148437456e-01 2.132683181762695321e-02 1.751800918579101557e-02 9.649222082555614088e-01 2.621447797806205487e-03 2.623457548299231723e-01 9.641833299343949629e-03
5.750729980468749503e-01 1.313538742065429622e-02 1.695490264892578203e-02 9.651008168581791669e-01 5.151141912935099619e-03 2.611349263252823460e-01 1.903757573215438328e-02
5.738927001953124662e-01 4.375429153442383055e-03 1.626676368713378742e-02 9.649086326461226992e-01 4.303531630974221419e-04 2.625807390390963447e-01 1.581431891341308817e-03
5.732758178710937180e-01 -4.327268600463867430e-03 1.528744125366211098e-02 -9.643798705205522959e-01 5.177304329724770685e-03 -2.637923772447725024e-01 1.892729674813955695e-02
5.732986450195312056e-01 -1.426393318176269465e-02 1.483508872985839916e-02 -9.632254214780582302e-01 2.188005069948290721e-02 -2.546979226241202765e-01 8.274671601195347781e-02
5.753773193359374982e-01 -2.292470359802246255e-02 1.383127593994140647e-02 -9.626760098783976316e-01 2.691484595858192191e-02 -2.482719530250136197e-01 1.043624856582978100e-01
5.780582275390625524e-01 -3.109292602539062353e-02 1.301701927185058491e-02 -9.624807092009506349e-01 2.854910434821149659e-02 -2.455463448920389702e-01 1.119054313566144598e-01
5.809818725585937926e-01 -3.919739532470702809e-02 1.227127838134765489e-02 -9.622743579279521287e-01 3.012345965005071985e-02 -2.425706656276400419e-01 1.194994118396524030e-01
5.841541748046874538e-01 -4.723985290527343839e-02 1.163921642303466716e-02 -9.620096284372622319e-01 3.220497537905396557e-02 -2.377326152388170855e-01 1.303208272170942594e-01
5.872526855468750417e-01 -5.419825744628906095e-02 1.117201900482177671e-02 -9.630185363907431961e-01 2.394308263424089686e-02 -2.523334122472705721e-01 9.137765824012902827e-02
5.894493408203125284e-01 -6.229394531250000144e-02 1.151233005523681630e-02 -9.629268396937008534e-01 2.407462820015824831e-02 -2.525158042191809060e-01 9.180458754368572838e-02
5.914239501953124645e-01 -6.952271270751952947e-02 1.164675426483154433e-02 -9.635606302276195079e-01 1.605626407614313758e-02 -2.603088811621562249e-01 5.943395197508296451e-02
5.923734741210937571e-01 -7.590609741210938011e-02 1.144428348541259854e-02 9.651341071941174077e-01 4.647798462970118699e-03 2.611503495535786867e-01 1.717696213261926327e-02
5.911411132812499636e-01 -8.549150085449218339e-02 1.166030693054199291e-02 -9.638750511981107882e-01 1.236004954990966610e-02 -2.621582355920784035e-01 4.544418955390902570e-02
5.917996826171875169e-01 -9.227160644531250122e-02 1.159897804260253892e-02 9.653510691007388678e-01 9.669521963380734927e-03 2.582584552922478349e-01 3.614393449974991068e-02
5.901972045898437047e-01 -1.003191604614257770e-01 1.144157409667968806e-02 9.658497054425101425e-01 1.012900962847290524e-02 2.560705962297219473e-01 3.820470399201333911e-02
5.884711914062500382e-01 -1.085774307250976511e-01 1.220158290863037134e-02 9.659229916528032645e-01 1.037128526866157481e-02 2.556354921018566539e-01 3.918808257897071073e-02
5.868112792968750435e-01 -1.163686370849609381e-01 1.297999763488769456e-02 9.656753463659766279e-01 1.490850839588656399e-02 2.530036975853308667e-01 5.690334618026656605e-02
5.847267456054687784e-01 -1.237877960205078093e-01 1.254142761230468694e-02 9.666333265931466023e-01 2.158764914024260961e-02 2.399860265977751816e-01 8.695224184503203002e-02
5.816233520507811949e-01 -1.312348785400390683e-01 1.114764595031738151e-02 9.662723108647245374e-01 2.324179840474143929e-02 2.385711850066099537e-01 9.413516743279580490e-02
5.785468139648437536e-01 -1.381273193359374984e-01 1.110006713867187425e-02 9.669566501774378153e-01 2.923658730385106375e-02 2.172820366939578196e-01 1.301098580837670993e-01
5.744630737304687873e-01 -1.444234771728515609e-01 1.128162765502929710e-02 9.674236776968512252e-01 3.178050184172803716e-02 1.964176657087202960e-01 1.565296397866044464e-01
5.701329956054687065e-01 -1.495275421142578109e-01 1.131589412689209054e-02 9.687480108562223080e-01 2.929258596519488181e-02 1.400508137717621782e-01 2.026203480192735884e-01
5.646795043945312953e-01 -1.531162719726562593e-01 1.147854900360107538e-02 9.700774195453693016e-01 1.504902909008039996e-02 6.234169736461675493e-02 2.341726704407287585e-01
5.580401611328125178e-01 -1.547371520996093652e-01 1.128829193115234511e-02 9.707209842538593314e-01 -1.649443118945581469e-03 -6.668356658028015173e-03 2.401116054798214383e-01
5.500545654296874476e-01 -1.543628692626953236e-01 1.103020381927490370e-02 9.706957413082569763e-01 -5.912240220055505965e-04 -2.388265510789550506e-03 2.402992393829394002e-01
5.442262573242186985e-01 -1.541939697265624909e-01 1.087015438079834070e-02 9.702944203429899606e-01 -2.625164417005975553e-02 -1.233906629265400928e-01 2.064323940959338910e-01
5.382057495117187340e-01 -1.505346679687500078e-01 1.080279827117919950e-02 9.697322162430924708e-01 -3.026145198636530712e-02 -1.730939312059327218e-01 1.695351417364933666e-01
5.327526855468750488e-01 -1.450140228271484255e-01 1.062445545196533114e-02 9.694417853305398181e-01 -2.979128501876897317e-02 -1.906464708802272090e-01 1.514893637618854316e-01
5.281082153320312278e-01 -1.393032989501953034e-01 1.065285396575927843e-02 9.691411339753548404e-01 -2.438762518094225382e-02 -2.206812454135660961e-01 1.071003926123269695e-01
5.243320312500000524e-01 -1.320064239501953229e-01 1.011152935028076030e-02 9.690996996014215048e-01 -2.278138686883380420e-02 -2.252024882152801888e-01 9.803376941857257221e-02
5.208015136718749938e-01 -1.246031875610351530e-01 1.123528099060058447e-02 9.687791266126339895e-01 -2.268968686015236658e-02 -2.271247727350092782e-01 9.678078094291681088e-02
5.173302001953125062e-01 -1.171332626342773409e-01 1.162485599517822099e-02 9.691528587878094347e-01 -2.094344957503348204e-02 -2.290178488784355704e-01 8.862806055876819300e-02
5.141170654296874920e-01 -1.095618438720703108e-01 1.079499435424804629e-02 9.686331171297959397e-01 -2.041205839733249358e-02 -2.326121468073295839e-01 8.499894957635807657e-02
5.112973327636718412e-01 -1.026280441284179723e-01 1.097068881988525271e-02 9.681424174919159853e-01 -1.071764640241277405e-02 -2.466069811735934203e-01 4.207598299444201967e-02
5.095057983398437740e-01 -9.461176300048827759e-02 1.086282062530517442e-02 9.681174557960098292e-01 -8.785307704574786547e-03 -2.479819962133298916e-01 3.429780905027131344e-02
5.079035644531250115e-01 -8.631596374511718572e-02 1.053778171539306724e-02 9.682705000655449368e-01 -8.937102870040030192e-03 -2.472806571848635837e-01 3.499490644839443193e-02
5.064268188476562793e-01 -7.877355194091796575e-02 1.001508045196533234e-02 9.674740847714492498e-01 -6.921728772199291961e-04 -2.529553476498800912e-01 2.647317072636650760e-03
5.058248596191405877e-01 -7.083055877685547064e-02 1.017956447601318232e-02 -9.670959163908808831e-01 -4.882597105011226950e-03 2.536832296216858795e-01 1.861364430474082149e-02
5.058344116210937713e-01 -6.254588699340819791e-02 1.031147289276123161e-02 -9.669796434666743101e-01 -6.960933270198046974e-03 2.533695865220859100e-01 2.656627852558085187e-02
5.060883178710937624e-01 -5.409370422363281306e-02 1.027051639556884888e-02 -9.669246807716276315e-01 -7.026121408485313038e-03 2.535534970380086128e-01 2.679401934081254710e-02
5.063433532714843865e-01 -4.570204925537109386e-02 1.062996673583984503e-02 -9.670009413740305870e-01 -6.619962872709644203e-03 2.534310989651379353e-01 2.525932601288217658e-02
5.065283203124999467e-01 -3.839063644409179688e-02 1.060805511474609275e-02 -9.658213012951620824e-01 -2.093798464058759662e-02 2.447994139176117023e-01 8.260787922047171938e-02
5.085095825195312669e-01 -3.012683677673339694e-02 1.152548694610595545e-02 -9.660057625787136226e-01 -1.950057070014625873e-02 2.461635963185329068e-01 7.652501718139678721e-02
5.102745361328124840e-01 -2.194803047180175770e-02 1.251028537750244196e-02 -9.659823285617515909e-01 -1.999659309693423842e-02 2.455390372882439443e-01 7.866929730520251518e-02
5.121147460937499618e-01 -1.374542331695556563e-02 1.355267047882080175e-02 -9.659820440628117399e-01 -2.001191416826525460e-02 2.455174428921905738e-01 7.873626277157326492e-02
5.139508056640624822e-01 -5.570986747741699281e-03 1.459400463104247939e-02 -9.659309152556257994e-01 -2.031199808166807286e-02 2.452894990362273764e-01 7.998719491216099708e-02
5.158291625976562100e-01 2.613911151885986439e-03 1.559781265258788907e-02 -9.659009211599562938e-01 -2.051198892076634694e-02 2.451146931236202198e-01 8.082979665801311164e-02
5.177366943359374973e-01 1.080760002136230483e-02 1.658414268493652380e-02 -9.658213551743373149e-01 -2.051139580645298943e-02 2.454695254264341042e-01 8.070380795352109782e-02
5.196937255859375160e-01 1.924328231811523598e-02 1.740061950683593692e-02 -9.660522145195242771e-01 -1.766293327117338802e-02 2.484215158663550249e-01 6.868689878603863319e-02
5.213786621093750018e-01 2.834787559509277174e-02 1.806721115112304779e-02 -9.668603144827726537e-01 -8.318610410545126260e-03 2.531852995641684645e-01 3.176691807075173596e-02
5.217811889648437118e-01 3.671187973022461276e-02 1.869061851501464810e-02 -9.669356216149342931e-01 -7.671583783893126673e-03 2.532162501476028504e-01 2.929472846049269164e-02
5.220711669921874742e-01 4.397328567504883018e-02 1.862650680541992274e-02 -9.656930422101447364e-01 -2.169630067702400800e-02 2.441327078752590363e-01 8.582213997181173393e-02
5.243735351562499591e-01 5.309385299682617410e-02 1.949926948547363315e-02 -9.666688608391738047e-01 -1.114151146542432733e-02 2.521972078926061345e-01 4.270536895208274647e-02
5.250798339843749662e-01 6.106130218505859131e-02 1.940613937377929851e-02 -9.662069302746656430e-01 -1.633842279954229870e-02 2.493364470094575347e-01 6.331318995541850014e-02
5.265117187500000240e-01 6.975923156738281228e-02 2.016637039184570462e-02 -9.669390260261616632e-01 -1.177931753801382542e-02 2.506496622590393963e-01 4.544132959483333095e-02
5.273565063476562953e-01 7.823483276367187988e-02 1.946944808959960929e-02 -9.668974495191756668e-01 -1.089915024572489684e-02 2.514642081183190436e-01 4.190802635129659004e-02
5.280662231445312216e-01 8.644836425781249334e-02 1.895300102233886744e-02 -9.668208557952083781e-01 -1.075908490578825726e-02 2.518649491997825840e-01 4.130039050665162276e-02
5.286225585937499583e-01 9.307754516601562944e-02 1.865376091003418182e-02 -9.646030121218687192e-01 -3.002759590498484121e-02 2.296270528274577671e-01 1.261379764359682465e-01
5.317698974609375018e-01 1.004253692626953104e-01 1.912408828735351687e-02 -9.642273627749065046e-01 -3.261637891807651901e-02 2.214228208631567052e-01 1.420341476667625058e-01
5.351019287109375355e-01 1.069742660522460947e-01 1.908963012695312489e-02 -9.632592797186780853e-01 -3.652514223793657672e-02 1.982404282065940437e-01 1.774773412152050311e-01
5.391308593750000488e-01 1.124902191162109322e-01 1.944378662109375044e-02 -9.624875952040115035e-01 -3.602580563593824753e-02 1.609413103354443153e-01 2.154475923146756955e-01
5.440103149414062811e-01 1.168767776489257754e-01 2.014443969726562728e-02 -9.614015841632070902e-01 -2.252868082396829869e-02 8.285543766242092767e-02 2.614085479829923453e-01
5.500593261718750293e-01 1.192150268554687531e-01 2.013469505310058749e-02 -9.608102054455964769e-01 2.073230181132911746e-03 -7.188516846767564750e-03 2.771060736500564059e-01
5.553604125976562278e-01 6.225906372070312556e-02 1.869038772583007935e-02 -9.998063034902857638e-01 9.891676825605284946e-05 -5.210938962358987667e-03 1.897872049676461656e-02
5.542233886718750391e-01 6.369083881378173780e-03 1.584840106964111386e-02 -9.998063034902857638e-01 9.891676825605284946e-05 -5.210938962358987667e-03 1.897872049676461656e-02
5.689235839843750364e-01 -6.143460845947265603e-02 1.078989505767822404e-02 -9.998063034902857638e-01 9.891676825605284946e-05 -5.210938962358987667e-03 1.897872049676461656e-02
5.665089111328125426e-01 -1.167141952514648418e-01 1.162590122222900355e-02 -9.998063034902857638e-01 9.891676825605284946e-05 -5.210938962358987667e-03 1.897872049676461656e-02
5.419027099609374787e-01 -1.261291351318359344e-01 1.152831363677978352e-02 -9.998063034902857638e-01 9.891676825605284946e-05 -5.210938962358987667e-03 1.897872049676461656e-02
5.262121582031249467e-01 -7.577149200439453613e-02 1.069891834259033281e-02 -9.998063034902857638e-01 9.891676825605284946e-05 -5.210938962358987667e-03 1.897872049676461656e-02
5.328690185546874902e-01 -1.224522495269775475e-02 1.458196830749511688e-02 -9.998063034902857638e-01 9.891676825605284946e-05 -5.210938962358987667e-03 1.897872049676461656e-02
5.553604125976562278e-01 6.225906372070312556e-02 1.869038772583007935e-02 -9.998063034902857638e-01 9.891676825605284946e-05 -5.210938962358987667e-03 1.897872049676461656e-02
